10.6699095
10.499909
9.96991
9.46991
8.94991
8.43991
8.09991
7.87991
8.89991
11.10991
13.06991
14.959909
16.399908
17.11991
17.809908
18.149908
18.159908
17.909908
17.499908
15.42991
13.459909
11.93991
10.58991
9.6699095
8.65991
8.3799095
7.87991
7.14991
6.4499097
6.7599096
6.97991
6.64991
7.2799096
7.9899096
8.94991
9.36991
11.17991
11.98991
12.959909
13.33991
13.69991
13.00991
11.36991
9.86991
7.70991
6.70991
6.2199097
5.57991
5.1599097
4.30991
3.7099097
2.5699098
2.2199097
2.7099097
1.4299098
1.8299098
3.2099097
6.7199097
3.4599097
4.0699096
2.5299098
2.2699099
2.8999097
2.3899097
4.6799097
2.2099097
1.3299098
0.9999097
2.2599099
3.0399098
2.6099098
3.0599098
3.1999097
2.0099096
2.6699097
2.9099097
2.6299098
3.0499098
2.6899097
2.5899098
4.0499096
5.61991
8.1699095
8.65991
8.52991
9.00991
8.14991
8.55991
8.81991
8.89991
8.579909
7.43991
6.41991
5.2399096
4.59991
4.24991
4.11991
3.7799098
3.4499097
3.2099097
3.1699097
2.8999097
2.5599098
2.5499098
3.8099098
5.70991
7.5299096
9.3799095
11.11991
11.92991
13.44991
14.31991
14.459909
14.209909
13.4199095
12.079909
10.9199095
10.10991
9.34991
9.08991
8.89991
8.44991
8.11991
7.68991
7.53991
7.39991
7.37991
7.6599097
8.52991
9.789909
10.92991
12.579909
13.22991
12.52991
12.35991
12.84991
13.26991
13.84991
14.1699095
12.75991
12.289909
12.15991
11.83991
10.94991
9.38991
8.83991
8.85991
8.86991
8.43991
8.46991
8.27991
8.47991
9.71991
10.249909
9.50991
8.81991
9.85991
10.1699095
11.73991
12.35991
12.38991
11.38991
11.539909
11.499909
11.27991
11.52991
11.48991
11.00991
10.42991
10.079909
9.59991
9.64991
9.21991
8.4199095
7.6799097
7.60991
9.05991
10.079909
11.43991
12.61991
13.709909
14.56991
15.52991
16.06991
15.97991
15.4199095
14.39991
13.22991
11.44991
10.4199095
9.789909
9.39991
8.959909
8.709909
7.4099097
4.9899096
3.9999099
4.0299096
3.7999098
4.05991
6.35991
8.10991
9.38991
11.01991
13.01991
15.579909
17.099909
17.13991
17.35991
17.059908
15.83991
14.329909
12.26991
10.76991
9.6699095
9.21991
8.05991
7.05991
6.57991
6.1399097
5.57991
5.3399096
4.9099097
4.5099096
7.1799097
9.79991
11.18991
12.6699095
14.30991
15.69991
16.79991
17.54991
18.03991
18.089909
18.069908
17.349909
15.90991
13.85991
12.749909
11.329909
10.39991
10.09991
9.329909
8.00991
7.5899096
7.01991
6.7599096
6.5899096
8.329909
11.09991
13.1299095
15.09991
16.689909
17.909908
18.899908
19.60991
20.089909
20.13991
19.88991
19.189909
18.239908
16.11991
13.1699095
12.68991
12.60991
12.34991
11.289909
11.02991
10.92991
10.4199095
9.459909
9.73991
12.61991
15.81991
18.10991
19.899908
21.499908
22.349909
23.059908
23.149908
23.179909
22.999908
22.489908
20.409908
17.829908
16.099909
14.40991
13.13991
12.98991
12.48991
12.02991
12.10991
11.97991
11.59991
11.05991
10.75991
12.4199095
15.26991
17.29991
19.009909
20.429909
21.409908
21.939909
22.38991
22.71991
22.509909
21.559908
19.819908
17.809908
16.649908
15.93991
14.80991
13.61991
12.89991
12.71991
12.36991
11.68991
10.96991
10.06991
9.829909
11.499909
13.46991
15.59991
17.60991
19.37991
20.599909
21.339909
21.61991
21.669909
21.349909
20.769909
18.88991
16.439909
14.93991
13.76991
12.73991
11.69991
10.65991
9.85991
9.63991
9.60991
9.6299095
9.56991
9.6299095
11.13991
12.709909
14.6299095
16.679909
18.569908
20.28991
21.71991
22.559908
22.79991
22.809908
22.649908
20.999908
17.749908
16.169909
14.14991
12.329909