50
50
53
56
60
63
65
65
56
49
43
35
34
32
35
35
32
30
35
39
44
47
51
52
57
58
59
60
63
68
70
70
65
60
53
41
33
33
33
34
34
36
42
50
58
60
60
62
62
63
64
65
65
66
65
62
58
56
53
50
46
41
36
33
33
34
33
29
21
26
33
42
45
47
48
49
64
71
78
72
63
59
46
35
34
33
54
39
35
48
53
58
64
72
61
63
62
66
68
64
57
58
59
52
44
36
30
28
25
25
31
30
30
31
32
32
37
44
48
50
50
51
51
53
53
54
54
52
44
38
34
30
28
25
20
19
20
23
26
30
36
41
46
54
62
67
71
73
73
73
73
70
65
57
48
40
34
29
30
31
30
30
29
29
28
33
37
37
41
44
44
41
41
43
45
51
50
42
36
32
27
25
27
28
28
28
29
31
33
36
38
42
56
66
69
72
75
76
77
72
68
57
47
43
38
36
26
26
28
31
35
38
46
63
73
74
75
79
82
75
68
60
52
56
53
49
47
44
42
40
41
41
41
45
50
58
71
76
76
76
77
78
80
84
83
87
86
83
83
82
82
77
73
77
81
83
84
86
88
84
82
82
82
83
84
85
85
82
80
78
77
79
81
77
73
71
68
64
60
59
58
58
60
61
64
65
66
69
72
75
76
77
80
82
85
78
70
64
55
50
47
44
39
36
36
36
39
43
47
50
51
56
67
71
72
69
67
67
64
63
60
55
49
44
41
39
39
35
33
32
33
36
37
39
45
49
51
52
53
54
56
58
60
61
56
51
45
39
34
30
27
26
26
27
28
32
38
35
42
47