12.94991
12.55991
11.93991
11.249909
10.76991
10.33991
9.88991
10.54991
13.36991
15.97991
17.849909
19.249908
20.169909
20.979908
21.939909
22.189909
22.53991
22.21991
21.319908
19.979908
17.829908
16.309908
15.329909
14.90991
13.55991
12.71991
12.39991
11.84991
11.10991
10.01991
9.209909
9.40991
10.85991
12.76991
15.209909
17.45991
19.249908
20.29991
21.339909
21.579908
21.559908
21.159908
20.21991
18.559908
16.329908
14.829909
13.71991
12.72991
11.749909
10.88991
10.09991
9.34991
8.79991
8.35991
8.04991
8.61991
10.05991
11.93991
14.09991
16.189909
18.249908
19.979908
21.71991
22.559908
22.79991
22.809908
22.649908
20.999908
17.749908
16.169909
14.14991
12.329909
10.77991
9.54991
9.209909
9.63991
9.43991
9.10991
8.77991
9.27991
10.96991
11.63991
14.54991
18.019909
18.419909
18.409908
13.94991
15.55991
16.759909
15.77991
15.05991
14.21991
13.19991
11.749909
7.37991
6.3199096
6.2999096
6.10991
5.87991
6.2799096
5.97991
6.10991
5.3199096
5.39991
6.62991
8.29991
9.26991
10.22991
11.06991
11.83991
13.60991
13.89991
13.90991
13.67991
13.10991
11.73991
10.15991
8.93991
7.7999096
6.9299097
6.4899096
6.0099096
5.5299096
4.95991
4.5899096
4.05991
3.4599097
4.5899096
7.95991
10.31991
11.97991
13.6299095
15.09991
16.499908
17.70991
18.78991
19.35991
19.479908
19.319908
18.159908
15.85991
13.86991
12.50991
11.4199095
10.18991
9.08991
8.22991
7.64991
7.37991
7.16991
6.82991
7.53991
9.499909
11.84991
14.55991
17.079908
19.669909
21.679909
22.989908
23.839909
24.429909
24.579908
24.319908
23.53991
20.45991
17.63991
16.599909
16.189909
15.21991
14.46991
14.10991
14.34991
13.93991
13.329909
12.77991
12.68991
14.35991
17.10991
19.69991
21.979908
23.649908
24.729908
25.60991
26.059908
26.269909
26.069908
25.669909
24.78991
23.819908
22.85991
21.96991
20.809908
16.579908
14.80991
14.21991
13.56991
12.8799095
12.48991
11.84991
12.579909
14.17991
16.52991
18.77991
20.669909
22.28991
23.36991
26.249908
26.649908
26.679909
26.339909
25.849909
24.899908
23.04991
20.36991
19.03991
18.36991
17.759909
16.69991
15.999909
16.079908
16.079908
15.85991
15.83991
15.76991
17.809908
19.35991
20.819908
22.229908
23.439909
24.519909
23.85991
23.71991
23.829908
22.37991
20.669909
18.27991
16.349909
15.56991
15.22991
14.23991
14.13991
13.64991
12.89991
12.68991
13.039909
12.709909
12.3799095
12.63991
12.539909
12.44991
12.459909
13.15991
13.1299095
11.23991
10.43991
10.17991
10.46991
10.47991
10.68991
9.65991
8.539909
8.1299095
7.6599097
7.49991
7.4899096
7.5899096
7.51991
7.53991
7.6599097
7.59991
7.0899096
6.97991
7.41991
8.34991
9.499909
10.749909
11.84991
12.829909
13.83991
13.6299095
13.64991
13.38991
12.959909
12.539909
11.959909
11.55991
11.1699095
10.65991
10.15991
9.85991
9.73991
9.08991
8.29991
7.7999096
7.5499096
8.63991
10.06991
11.30991
12.65991
13.96991
15.01991
15.86991
16.61991
17.069908
17.189909
17.019909
16.60991
15.81991
14.999909
14.079909
13.499909
12.06991
9.85991
9.1299095
8.709909
8.459909
8.36991
8.00991
8.1299095
8.59991
10.18991
12.039909
13.89991
15.72991
17.399908
18.61991
19.349909
19.86991
20.149908
20.13991
19.88991
19.079908
18.349909
17.089909
14.039909
13.38991
12.959909
12.40991
11.69991
10.84991
10.079909
9.15991
8.76991
9.43991
11.249909
13.1699095
15.3799095
17.649908
19.70991
21.559908
22.79991
23.37991
23.729908
23.589909
23.019909
21.939909
20.319908
17.11991
15.33991
12.98991